SALIDA
-1
0
0
0
0
0
0
0
0
0
CALLE DE AVI©–
0
200
1000
3000
9000
16000
25000
3000
5000
6000
CAJA DE COMUNIDAD
2
0
0
0
0
0
0
0
0
0
CALLE DE ROSELLON
0
400
2000
6000
18000
32000
45000
3000
5000
6000
IMPUESTO DE REINTEGROS
8
0
0
0
0
0
0
0
0
0
FERROCARRILES CATALANES
3
5000
15000
25000
40000
0
0
20000
10000
40000
CALLE DE GERONA
0
600
3000
9000
27000
40000
55000
5000
5000
10000
SUERTE
1
0
0
0
0
0
0
0
0
0
CALLE DE URGEL
0
600
3000
9000
27000
40000
55000
5000
5000
10000
CALLE CONSEJO DE CIENTO
0
800
4000
10000
30000
45000
60000
6000
5000
10000
PRISION
4
5000
0
0
0
0
0
0
0
0
CALLE MUNTANER
0
1000
5000
15000
45000
62500
75000
7000
10000
14000
COMPA©IA ELECTRICA
6
1500
0
0
0
0
0
0
0
0
CALLE ARIBAU
0
1000
5000
15000
45000
62500
75000
7000
10000
14000
CALLE TARRAGONA
0
1200
6000
18000
50000
70000
90000
8000
10000
16000
ESTACION PASEO GRACIA
3
5000
15000
25000
40000
0
0
20000
10000
40000
PASEO SAN JUAN
0
1400
7000
20000
55000
75000
95000
9000
10000
18000
CALLE ARAGON
0
1600
8000
22000
60000
80000
100000
10000
10000
20000
CAJA COMUNIDAD
2
0
0
0
0
0
0
0
0
0
PLAZA SAN JAUME
0
1400
7000
20000
55000
75000
95000
9000
10000
18000
APARCAMIENTO
5
0
0
0
0
0
0
0
0
0
CALLE LERIDA
0
1800
9000
25000
70000
87500
105000
11000
15000
22000
SUERTE
1
0
0
0
0
0
0
0
0
0
CALLE FONTANELLA
0
1800
9000
25000
70000
87500
105000
11000
15000
22000
TRAVESSERA CORTS
0
2000
10000
30000
75000
92500
110000
12000
15000
24000
ESTACION FRANCIA
3
5000
15000
25000
40000
0
0
20000
10000
40000
RAMBLAS
0
2200
11000
33000
80000
97500
115000
13000
15000
26000
VIA LAYETANA
0
2200
11000
33000
80000
97500
115000
13000
26000
1500
PLAZA CATALU©A
0
2200
12000
36000
85000
102500
120000
14000
15000
28000
COMPA©IA AGUAS
6
900
0
0
0
0
0
0
0
0
SUERTE
1
0
0
0
0
0
0
0
0
0
AVENIDA PORTAL ANGEL
0
2600
13000
39000
90000
110000
127500
15000
20000
30000
PASEO MARAGALL
0
2600
13000
39000
90000
110000
127500
15000
20000
30000
CAJA COMUNIDAD
2
0
0
0
0
0
0
0
0
0
AVENIDA SARRIA
0
2800
15000
45000
100000
120000
140000
16000
20000
32000
ESTACION SANTS
3
5000
15000
25000
40000
0
0
20000
10000
40000
SUERTE
1
0
0
0
0
0
0
0
0
0
CALLE BALMES
0
3500
17500
50000
110000
130000
150000
17500
20000
35000
PAGO DE LUJO
7
10000
0
0
0
0
0
0
0
0
PASEO GRACIA
0
7000
30000
70000
180000
196000
205500
32500
65000
1500
